

 Q(V-2)  chi o+o+o-o-

         7                                                           7        
 9   7           9           3                   3           9           7   9
                     9           7           7           9                    
                     3           1           1           3                    
 1   9       9   1       9                           9       1   9       9   1
         7                       1           1                       7        
         3           9           7           7           9           3        
     7       7   9       7   3                   3   7       9   7       7    
         7                       1           1                       7        
                     1                                   1                    
 3           1   3       1           3   3           1       3   1           3
         3                       7           7                       3        
                     9           7           7           9                    
 3           1   3           7       3   3       7           3   1           3
                     1           9           9           1                    
         7           3           1           1           3           7        
 9   7           9       7   3       9   9       3   7       9           7   9
         3           9           7           7           9           3        
         7           3           1   3 2 3   1           3           7        
             9           9   5       +   +       5   9           9            
         7           3           1   3 2 3   1           3           7        
         3           9           7           7           9           3        
 9   7           9       7   3       9   9       3   7       9           7   9
         7           3           1           1           3           7        
                     1           9           9           1                    
 3           1   3           7       3   3       7           3   1           3
                     9           7           7           9                    
         3                       7           7                       3        
 3           1   3       1           3   3           1       3   1           3
                     1                                   1                    
         7                       1           1                       7        
     7       7   9       7   3                   3   7       9   7       7    
         3           9           7           7           9           3        
         7                       1           1                       7        
 1   9       9   1       9                           9       1   9       9   1
                     3           1           1           3                    
                     9           7           7           9                    
 9   7           9           3                   3           9           7   9
         7                                                           7        


 Q(V-1)  chi o+o-

       7   7       1       7           1           7       1       7   7      
     3                   3   9                   9   3                   3    
   3           3   9   3           3       3           3   9   3           3  
 7                   7       1       7   7       1       7                   7
           1                   1   9       9   1                   1          
 7       1       7   7               7   7               7   7       1       7
               3   9   3           3       3           3   9   3              
     3       3           3                           3           3       3    
           7               7   7       1       7   7               7          
 1   9       9       1   9       9   1   1   9       9   1       9       9   1
       7   7       1           7               7           1       7   7      
     3       3           3   9   3           3   9   3           3       3    
   3           3   9   3           3   9   3           3   9   3           3  
 7               7           1       7   7       1           7               7
   9   1               9   1   1   9       9   1   1   9               1   9  
         1       7   7       1       7   7       1       7   7       1        
                   9   3           3   9   3           3   9                  
     3   9   3           3   9   3   5   5   3   9   3           3   9   3    
       7   7       1       7   7   5 2 + 2 5   7   7       1       7   7      
 1               1       9       9   +   +   9       9       1               1
       7   7       1       7   7   5 2 + 2 5   7   7       1       7   7      
     3   9   3           3   9   3   5   5   3   9   3           3   9   3    
                   9   3           3   9   3           3   9                  
         1       7   7       1       7   7       1       7   7       1        
   9   1               9   1   1   9       9   1   1   9               1   9  
 7               7           1       7   7       1           7               7
   3           3   9   3           3   9   3           3   9   3           3  
     3       3           3   9   3           3   9   3           3       3    
       7   7       1           7               7           1       7   7      
 1   9       9       1   9       9   1   1   9       9   1       9       9   1
           7               7   7       1       7   7               7          
     3       3           3                           3           3       3    
               3   9   3           3       3           3   9   3              
 7       1       7   7               7   7               7   7       1       7
           1                   1   9       9   1                   1          
 7                   7       1       7   7       1       7                   7
   3           3   9   3           3       3           3   9   3           3  
     3                   3   9                   9   3                   3    
       7   7       1       7           1           7       1       7   7      


 Q(V2)  chi o+o-o-o+

 1   3           1   1   3                           3   1   1           3   1
     9       9           9           7   7           9           9       9    
         3   9   7               9   7   7   9               7   9   3        
 1   3               1   3   7   3           3   7   3   1               3   1
 9           1           1           9   9           1           1           9
 1   3   7   3   1   1       7   3           3   7       1   1   3   7   3   1
 3       3   9       7       3       7   7       3       7       9   3       3
 3   +           7       9   3                   3   9       7           +   3
     7   7   3   1       3       3   1   1   3       3       1   3   7   7    
     9   5   1   9       1       1   9   9   1       1       9   1   5   9    
 9   7       7   1       3   7                   7   3       1   7       7   9
 3       7   1   7   7   9   3       7   7       3   9   7   7   1   7       3
 3   1   7   1   3 2 7       3   9   7   7   9   3       7 2 3   1   7   1   3
             7       9   3   7       1   1       7   3   9       7            
 1   9           1   1   +   5   1           1   5   +   1   1           9   1
     7   3   7   9       7   7   3   1   1   3   7   7       9   7   3   7    
     1       1   3       1   7 2 9   7   7   9 2 7   1       3   1       1    
 3   1           3   3   1   7   +   7   7   +   7   1   3   3           1   3
 9       3   7       9   7   3   7 2 + 2 + 2 7   3   7   9       7   3       9
 1           9   1           5   9   +   +   9   5           1   9           1
 9       3   7       9   7   3   7 2 + 2 + 2 7   3   7   9       7   3       9
 3   1           3   3   1   7   +   7   7   +   7   1   3   3           1   3
     1       1   3       1   7 2 9   7   7   9 2 7   1       3   1       1    
     7   3   7   9       7   7   3   1   1   3   7   7       9   7   3   7    
 1   9           1   1   +   5   1           1   5   +   1   1           9   1
             7       9   3   7       1   1       7   3   9       7            
 3   1   7   1   3 2 7       3   9   7   7   9   3       7 2 3   1   7   1   3
 3       7   1   7   7   9   3       7   7       3   9   7   7   1   7       3
 9   7       7   1       3   7                   7   3       1   7       7   9
     9   5   1   9       1       1   9   9   1       1       9   1   5   9    
     7   7   3   1       3       3   1   1   3       3       1   3   7   7    
 3   +           7       9   3                   3   9       7           +   3
 3       3   9       7       3       7   7       3       7       9   3       3
 1   3   7   3   1   1       7   3           3   7       1   1   3   7   3   1
 9           1           1           9   9           1           1           9
 1   3               1   3   7   3           3   7   3   1               3   1
         3   9   7               9   7   7   9               7   9   3        
     9       9           9           7   7           9           9       9    
 1   3           1   1   3                           3   1   1           3   1


 Q(V3)  chi o+ooo-o-ooo+

       7   7       3   9                               9   3       7   7      
     3                       7       1   1       7                       3    
                                   3       3                                  
     9       9   7       9   3                   3   9       7   9       9    
       9   9                   9               9                   9   9      
 7           9   7           3       7   7       3           7   9           7
       1   1           3       1   3       3   1       3           1   1      
 1           3   1       3           1   1           3       1   3           1
 2     7   7       3           7   9       9   7           3       7   7     2
 1   1       1   9       1                           1       9   1       1   1
       3   7           9       7   9       9   7       9           7   3      
     7       3   1           7       1   1       7           1   3       7    
       9   9   3   7   3       1               1       3   7   3   9   9      
     1       1   3       9   3       7   7       3   9       3   1       1    
       1           5   1       9   1       1   9       1   5           1      
 3   1           3       +   3       7   7       3   +       3           1   3
       9           3   7     2 1   3       3   1 2     7   3           9      
 9   7       7   9       7   3   3   1   1   3   3   7       9   7       7   9
           3       7   1       3   + 2 3 2 +   3       1   7       3          
 1   9                   9   5       +   +       5   9                   9   1
           3       7   1       3   + 2 3 2 +   3       1   7       3          
 9   7       7   9       7   3   3   1   1   3   3   7       9   7       7   9
       9           3   7     2 1   3       3   1 2     7   3           9      
 3   1           3       +   3       7   7       3   +       3           1   3
       1           5   1       9   1       1   9       1   5           1      
     1       1   3       9   3       7   7       3   9       3   1       1    
       9   9   3   7   3       1               1       3   7   3   9   9      
     7       3   1           7       1   1       7           1   3       7    
       3   7           9       7   9       9   7       9           7   3      
 1   1       1   9       1                           1       9   1       1   1
 2     7   7       3           7   9       9   7           3       7   7     2
 1           3   1       3           1   1           3       1   3           1
       1   1           3       1   3       3   1       3           1   1      
 7           9   7           3       7   7       3           7   9           7
       9   9                   9               9                   9   9      
     9       9   7       9   3                   3   9       7   9       9    
                                   3       3                                  
     3                       7       1   1       7                       3    
       7   7       3   9                               9   3       7   7      


 Q(V6)  chi o+ooo+o-ooo-o-ooo-o+ooo+

     7       7               1                   1               7       7    
 3               3                                           3               3
 3               3           9       3   3       9           3               3
             7           7   1                   1   7           7            
     1       1   9       1                           1       9   1       1    
     7                       1                   1                       7    
 3                                   3   3                                   3
 3               3           9       3   3       9           3               3
             7           7   1                   1   7           7            
 9   1       1   9                   9   9                   9   1       1   9
     7       7               1                   1               7       7    
 3               3           9       3   3       9           3               3
 7   5           3           9       3   3       9           3           5   7
     3       7           7   1                   1   7           7       3    
 1   9       9   9       1           9   9           1       9   9       9   1
     3       3           7   1                   1   7           3       3    
 7               7       5   9       3   3       9   5       7               7
 7               7           +       3   3       +           7               7
     3       3           3   9   3 2 5   5 2 3   9   3           3       3    
     9       9   1       9           +   +           9       1   9       9    
     3       3           3   9   3 2 5   5 2 3   9   3           3       3    
 7               7           +       3   3       +           7               7
 7               7       5   9       3   3       9   5       7               7
     3       3           7   1                   1   7           3       3    
 1   9       9   9       1           9   9           1       9   9       9   1
     3       7           7   1                   1   7           7       3    
 7   5           3           9       3   3       9           3           5   7
 3               3           9       3   3       9           3               3
     7       7               1                   1               7       7    
 9   1       1   9                   9   9                   9   1       1   9
             7           7   1                   1   7           7            
 3               3           9       3   3       9           3               3
 3                                   3   3                                   3
     7                       1                   1                       7    
     1       1   9       1                           1       9   1       1    
             7           7   1                   1   7           7            
 3               3           9       3   3       9           3               3
 3               3                                           3               3
     7       7               1                   1               7       7    


 Q(V7)  chi o+o+o-ooo+o-o-o-o-o+ooo-o+o+

   3           3                                               3           3  
 7   9       9               3       7   7       3               9       9   7
   9           9           7                       7           9           9  
         7                       3           3                       7        
       9               1       9   1       1   9       1               9      
                     1                                   1                    
   9           9                                               9           9  
 7   9       9   7           3                   3           7   9       9   7
   3                       1                       1                       3  
                     9           1           1           9                    
       1           7   3           3       3           3   7           1      
         3           7           9           9           7           3        
   9           9           7                       7           9           9  
 9   7       3   1           7       1   1       7           1   3       7   9
   9           1           9                       9           1           9  
         3           1           3           3           1           3        
       3           7   +       7   9       9   7       +   7           3      
         7           3       3   9           9   3       3           7        
   7           7           9     2 3   7   3 2     9           7           7  
     9       9   1           5       +   +       5           1   9       9    
   7           7           9     2 3   7   3 2     9           7           7  
         7           3       3   9           9   3       3           7        
       3           7   +       7   9       9   7       +   7           3      
         3           1           3           3           1           3        
   9           1           9                       9           1           9  
 9   7       3   1           7       1   1       7           1   3       7   9
   9           9           7                       7           9           9  
         3           7           9           9           7           3        
       1           7   3           3       3           3   7           1      
                     9           1           1           9                    
   3                       1                       1                       3  
 7   9       9   7           3                   3           7   9       9   7
   9           9                                               9           9  
                     1                                   1                    
       9               1       9   1       1   9       1               9      
         7                       3           3                       7        
   9           9           7                       7           9           9  
 7   9       9               3       7   7       3               9       9   7
   3           3                                               3           3  


 Q(V11)  chi o+o-o+o+o+ooo-o-o-o+o-o-o+o-o-o-ooo+o+o+o-o+

                       7           7       7           7                      
 3                           9                   9                           3
                   9           3               3           9                  
         1   7           7   1                   1   7           7   1        
                       1       9               9       1                      
     7   1   7               1                   1               7   1   7    
           3       9       3                       3       9       3          
 3                           9       3   3       9                           3
               7   1               7       7               1   7              
 9   1               9   1       1           1       1   9               1   9
                       7           7       7           7                      
         9                                                           9        
       3           9       3   3               3   3       9           3      
     7       7           7                           7           7       7    
       9   9   1       1   9       1       1       9   1       1   9   9      
     3       7           7   1   7           7   1   7           7       3    
       7   7       +           3               3           +       7   7      
 7       1           7   5   9       3   3       9   5   7           1       7
   3               9   3       5 2 7   1   7 2 5       3   9               3  
     9       9                   9   +   +   9                   9       9    
   3               9   3       5 2 7   1   7 2 5       3   9               3  
 7       1           7   5   9       3   3       9   5   7           1       7
       7   7       +           3               3           +       7   7      
     3       7           7   1   7           7   1   7           7       3    
       9   9   1       1   9       1       1       9   1       1   9   9      
     7       7           7                           7           7       7    
       3           9       3   3               3   3       9           3      
         9                                                           9        
                       7           7       7           7                      
 9   1               9   1       1           1       1   9               1   9
               7   1               7       7               1   7              
 3                           9       3   3       9                           3
           3       9       3                       3       9       3          
     7   1   7               1                   1               7   1   7    
                       1       9               9       1                      
         1   7           7   1                   1   7           7   1        
                   9           3               3           9                  
 3                           9                   9                           3
                       7           7       7           7                      


 Q(V14)  chi o+o-o+ooo+o+o+o-o-o-ooo-o+o-o-o+o-ooo-o-o-o+o+o+ooo+o-o+

                 3   3                                   3   3                
                                                                              
         1   7               1                   1               7   1        
         9       3           9       3   3       9           3       9        
 9   1                                                                   1   9
 3                   3       9                   9       3                   3
         1                   1   7           7   1                   1        
             7                                                   7            
                     3       9       3   3       9       3                    
 9           1   9   9               9   9               9   9   1           9
 3               3           9                   9           3               3
     7       7                   7           7                   7       7    
     7   1                   1   7           7   1                   1   7    
                 3           9       3   3       9           3                
 1   1       1   9   9               9   9               9   9   1       1   1
 7       +       3           9       3   3       9           3       +       7
     3       3   5           1                   1           5   3       3    
     3       3           7   1   7           7   1   7           3       3    
 7       1       7   7       1 2 5   3   3   5 2 1       7   7       1       7
 1   9                           9   +   +   9                           9   1
 7       1       7   7       1 2 5   3   3   5 2 1       7   7       1       7
     3       3           7   1   7           7   1   7           3       3    
     3       3   5           1                   1           5   3       3    
 7       +       3           9       3   3       9           3       +       7
 1   1       1   9   9               9   9               9   9   1       1   1
                 3           9       3   3       9           3                
     7   1                   1   7           7   1                   1   7    
     7       7                   7           7                   7       7    
 3               3           9                   9           3               3
 9           1   9   9               9   9               9   9   1           9
                     3       9       3   3       9       3                    
             7                                                   7            
         1                   1   7           7   1                   1        
 3                   3       9                   9       3                   3
 9   1                                                                   1   9
         9       3           9       3   3       9           3       9        
         1   7               1                   1               7   1        
                                                                              
                 3   3                                   3   3                
