

 Q(V-43)  chi o+--+-+--+++-+++++---+-+++-----+---++-+-++-o

      3   1     3         3 1         1 1         1 3         3     1   3    
       9           3   7       9               9       7   3           9      
  9 3   7         7     3   7   9   9     9   9   7   3     7         7   3 9
     1               3   1   7       3   3       7   1   3               1    
        9       1                                             1       9      
               1   7       3       1       1       3       7   1              
      9   7 9 3 9   7 9 3   7     3         3     7   3 9 7   9 3 9 7   9    
                 9       7           9   9           7       9                
    7     1 3   3     3       1   7 3 1 1 3 7   1       3     3   3 1     7  
   9                           1               1                           9  
  3                             3 7         7 3                             3
 9   7       7   9   9                                   9   9   7       7   9
            9 3 9   7 9   9 7 7                 7 7 9   9 7   9 3 9          
       3           7                                       7           3      
      1 9 9     1 9 9     1     1   1 9 9 1   1     1     9 9 1     9 9 1    
     1   7       3           7   1   3   3   1   7           3       7   1    
  9     7 7     9         9 7   9 3   7 7   3 9   7 9         9     7 7     9
   7       9           7   9   9   7   3   7   9   9   7           9       7  
  3 7 3 1   3 7     1 3 7 3 1 1 3 7 3 1 1 3 7 3 1 1 3 7 3 1     7 3   1 3 7 3
 1                       9   5   9 4 +   + 4 9   5   9                       1
  3 7 3 1   3 7     1 3 7 3 1 1 3 7 3 1 1 3 7 3 1 1 3 7 3 1     7 3   1 3 7 3
   7       9           7   9   9   7   3   7   9   9   7           9       7  
  9     7 7     9         9 7   9 3   7 7   3 9   7 9         9     7 7     9
     1   7       3           7   1   3   3   1   7           3       7   1    
      1 9 9     1 9 9     1     1   1 9 9 1   1     1     9 9 1     9 9 1    
       3           7                                       7           3      
            9 3 9   7 9   9 7 7                 7 7 9   9 7   9 3 9          
 9   7       7   9   9                                   9   9   7       7   9
  3                             3 7         7 3                             3
   9                           1               1                           9  
    7     1 3   3     3       1   7 3 1 1 3 7   1       3     3   3 1     7  
                 9       7           9   9           7       9                
      9   7 9 3 9   7 9 3   7     3         3     7   3 9 7   9 3 9 7   9    
               1   7       3       1       1       3       7   1              
        9       1                                             1       9      
     1               3   1   7       3   3       7   1   3               1    
  9 3   7         7     3   7   9   9     9   9   7   3     7         7   3 9
       9           3   7       9               9       7   3           9      
      3   1     3         3 1         1 1         1 3         3     1   3    


 Q(V-19)  chi o+--++++-+-+----++-o

      7       1 7     7           1         1           7     7 1       7    
                                   3       3                                  
        3 3       3     9             3 3             9     3       3 3      
                     7               7   7               7                    
          9     1                     9 9                     1     9        
       7           1       7   7               7   7       1           7      
    9     3             9     3   9         9   3     9             3     9  
             3           3   9                   9   3           3            
    1       7         7 1 7     7   7     7   7     7 1 7         7       1  
               9               1   9       9   1               9              
  7 1         1       7         7             7         7       1         1 7
     3                   3       3           3       3                   3    
          3   9             3     9   3 3   9     3             9   3        
           7       1                                       1       7          
  1     9       1 9   1     9 9 1             1 9 9     1   9 1       9     1
                 7   7       1                   1       7   7                
    9   3     9             3         3 3         3             9     3   9  
               3       3           3   9   3           3       3              
  7 1 7         7       1 7     7 1 7 5 5 7 1 7     7 1       7         7 1 7
             9                   9 4 +   + 4 9                   9            
  7 1 7         7       1 7     7 1 7 5 5 7 1 7     7 1       7         7 1 7
               3       3           3   9   3           3       3              
    9   3     9             3         3 3         3             9     3   9  
                 7   7       1                   1       7   7                
  1     9       1 9   1     9 9 1             1 9 9     1   9 1       9     1
           7       1                                       1       7          
          3   9             3     9   3 3   9     3             9   3        
     3                   3       3           3       3                   3    
  7 1         1       7         7             7         7       1         1 7
               9               1   9       9   1               9              
    1       7         7 1 7     7   7     7   7     7 1 7         7       1  
             3           3   9                   9   3           3            
    9     3             9     3   9         9   3     9             3     9  
       7           1       7   7               7   7       1           7      
          9     1                     9 9                     1     9        
                     7               7   7               7                    
        3 3       3     9             3 3             9     3       3 3      
                                   3       3                                  
      7       1 7     7           1         1           7     7 1       7    


 Q(V-11)  chi o+-+++---+-o

                  3     9     3                 3     9     3                
           7       1           7               7           1       7          
            7                       7     7                       7          
         9                                                           9        
        9 9     1   9 1   1     1     9 9     1     1   1 9   1     9 9      
   3           3                                               3           3  
            7           1           7     7           1           7          
 7                           1       7   7       1                           7
                  3     9     3                 3     9     3                
   9           9           1                       1           9           9  
        3 3   9     3             9   3 3   9             3     9   3 3      
         1           7                                   7           1        
            7           1           7     7           1           7          
                   9   3           3       3           3   9                  
            1     9           9     1     1     9           9     1          
         9                       3           3                       9        
  7 1         1 7     7   7     7 1         1 7     7   7     7 1         1 7
                           7           1           7                          
                  3     9     3     5 3 3 5     3     9     3                
 1   9       9           9         4 +   + 4         9           9       9   1
                  3     9     3     5 3 3 5     3     9     3                
                           7           1           7                          
  7 1         1 7     7   7     7 1         1 7     7   7     7 1         1 7
         9                       3           3                       9        
            1     9           9     1     1     9           9     1          
                   9   3           3       3           3   9                  
            7           1           7     7           1           7          
         1           7                                   7           1        
        3 3   9     3             9   3 3   9             3     9   3 3      
   9           9           1                       1           9           9  
                  3     9     3                 3     9     3                
 7                           1       7   7       1                           7
            7           1           7     7           1           7          
   3           3                                               3           3  
        9 9     1   9 1   1     1     9 9     1     1   1 9   1     9 9      
         9                                                           9        
            7                       7     7                       7          
           7       1           7               7           1       7          
                  3     9     3                 3     9     3                


 Q(V-7)  chi o++-+--o

                                                                             
       3               1           1       1           1               3      
                                                                             
 9       3   7   9               7   9   9   7               9   7   3       9
                                                                             
       9       7   3       9   9   7       7   9   9       3   7       9      
                                                                             
 3   1       1   3           7                   7           3   1       1   3
                                                                             
   9   1               9   1   1   9       9   1   1   9               1   9  
                                                                             
     1   7   1   3   3       7       3   3       7       3   3   1   7   1    
                                                                             
                   3   7       9   7       7   9       7   3                  
                                                                             
 9   7       7   9   9       3   7   9   9   7   3       9   9   7       7   9
                                                                             
   1   3       1   7   1   3   3   1   7   1   3   3   1   7   1       3   1  
                                      2 2                                    
 1   9       9               5   9   +   +   9   5               9       9   1
                                      2 2                                    
   1   3       1   7   1   3   3   1   7   1   3   3   1   7   1       3   1  
                                                                             
 9   7       7   9   9       3   7   9   9   7   3       9   9   7       7   9
                                                                             
                   3   7       9   7       7   9       7   3                  
                                                                             
     1   7   1   3   3       7       3   3       7       3   3   1   7   1    
                                                                             
   9   1               9   1   1   9       9   1   1   9               1   9  
                                                                             
 3   1       1   3           7                   7           3   1       1   3
                                                                             
       9       7   3       9   9   7       7   9   9       3   7       9      
                                                                             
 9       3   7   9               7   9   9   7               9   7   3       9
                                                                             
       3               1           1       1           1               3      
                                                                             


 Q(V-3)  chi o+-o

  3 7                     3     3 7   1 1   7 3     3                     7 3
       9   9           7                               7           9   9      
    3   7     3 9   7 9         9 3         3 9         9 7   9 3     7   3  
                 3       1           3   3           1       3                
        9 9           1   1 9   1             1   9 1   1           9 9      
                       1       3   1       1   3       1                      
    3   7 7   3       9     7   9     7 7     9   7     9       3   7 7   3  
     7       7   9       7           9   9           7       9   7       7    
  3 7   1       3   1 3     1   3 7         7 3   1     3 1   3       1   7 3
       1   1           9           9       9           9           1   1      
    7     1     3   1     3     3 7   1 1   7 3     3     1   3     1     7  
 9   7                   7   3                   3   7                   7   9
  9     7     3     7 9   9 7     3   7 7   3     7 9   9 7     3     7     9
       3   3       7           3   1       1   3           7       3   3      
          9     1   9     1     1 5   9 9   5 1     1     9   1     9        
 3           1           1   7       3   3       7   1           1           3
  9 3         3 9   7 9     7   9 3   7 7   3 9   7     9 7   9 3         3 9
           9       3   7       9   7 4 3 4 7   9       7   3       9          
    7   1 1   7       3   3 1   3 7 3 + + 3 7 3   1 3   3       7   1 1   7  
     9           1           5     4 +   + 4     5           1           9    
    7   1 1   7       3   3 1   3 7 3 + + 3 7 3   1 3   3       7   1 1   7  
           9       3   7       9   7 4 3 4 7   9       7   3       9          
  9 3         3 9   7 9     7   9 3   7 7   3 9   7     9 7   9 3         3 9
 3           1           1   7       3   3       7   1           1           3
          9     1   9     1     1 5   9 9   5 1     1     9   1     9        
       3   3       7           3   1       1   3           7       3   3      
  9     7     3     7 9   9 7     3   7 7   3     7 9   9 7     3     7     9
 9   7                   7   3                   3   7                   7   9
    7     1     3   1     3     3 7   1 1   7 3     3     1   3     1     7  
       1   1           9           9       9           9           1   1      
  3 7   1       3   1 3     1   3 7         7 3   1     3 1   3       1   7 3
     7       7   9       7           9   9           7       9   7       7    
    3   7 7   3       9     7   9     7 7     9   7     9       3   7 7   3  
                       1       3   1       1   3       1                      
        9 9           1   1 9   1             1   9 1   1           9 9      
                 3       1           3   3           1       3                
    3   7     3 9   7 9         9 3         3 9         9 7   9 3     7   3  
       9   9           7                               7           9   9      
  3 7                     3     3 7   1 1   7 3     3                     7 3


 Q(V5)  chi o+--+o

  9   9 1 1 9         9   9 1 1 9   9     9   9 1 1 9   9         9 1 1 9   9
       9                       9   1       1   9                       9      
  9   9   1 9   9 1 1 9     1   9   9     9   9   1     9 1 1 9   9 1   9   9
 1 4 1       1   9   9   1       1           1       1   9   9   1       1 4 1
  1   9 1 1     9   1     9 1   9     1 1     9   1 9     1   9     1 1 9   1
   9   1   9   1       1       9   1       1   9       1       1   9   1   9  
  1   1 9 + 9   9 1   9   9 1 1 9     1 1     9 1 1 9   9   1 9   9 + 9 1   1
 1   9       1   9       1           9   9           1       9   1       9   1
  1     9 9 1 5 9 1 1 9   9   1 9   9 1 1 9   9 1   9   9 1 1 9 5 1 9 9     1
   9   1   1   9 4     1   9   9               9   9   1     4 9   1   1   9  
  1     9 9     1 9 1 9   9 1   9     1 1     9   1 9   9 1 9 1     9 9     1
 1           9   1   +   1       1   9   9   1       1   +   1   9           1
  1   1 9 9     1 9 9 1 5 9 1 1 9   9 1 1 9   9 1 1 9 5 1 9 9 1     9 9 1   1
       1   1           9 4 9   9   1       1   9   9 4 9           1   1      
  1   1   9 1   1 9 9 1   1 + 1 9   9 1 1 9   9 1 + 1   1 9 9 1   1 9   1   1
     9       9   1   1   9   5 4 1   9   9   1 4 5   9   1   1   9       9    
  1     9 9         9 1   1 9 9 + 5 9 1 1 9 5 + 9 9 1   1 9         9 9     1
       1   1   9       9   1   1 4 + 4 5 4 + 4 1   1   9       9   1   1      
      1 9   1   1 9 9 1   1 9 9 1 5 + + + + 5 1 9 9 1   1 9 9 1   1   9 1    
     9       9           9       9 4 +   + 4 9       9           9       9    
      1 9   1   1 9 9 1   1 9 9 1 5 + + + + 5 1 9 9 1   1 9 9 1   1   9 1    
       1   1   9       9   1   1 4 + 4 5 4 + 4 1   1   9       9   1   1      
  1     9 9         9 1   1 9 9 + 5 9 1 1 9 5 + 9 9 1   1 9         9 9     1
     9       9   1   1   9   5 4 1   9   9   1 4 5   9   1   1   9       9    
  1   1   9 1   1 9 9 1   1 + 1 9   9 1 1 9   9 1 + 1   1 9 9 1   1 9   1   1
       1   1           9 4 9   9   1       1   9   9 4 9           1   1      
  1   1 9 9     1 9 9 1 5 9 1 1 9   9 1 1 9   9 1 1 9 5 1 9 9 1     9 9 1   1
 1           9   1   +   1       1   9   9   1       1   +   1   9           1
  1     9 9     1 9 1 9   9 1   9     1 1     9   1 9   9 1 9 1     9 9     1
   9   1   1   9 4     1   9   9               9   9   1     4 9   1   1   9  
  1     9 9 1 5 9 1 1 9   9   1 9   9 1 1 9   9 1   9   9 1 1 9 5 1 9 9     1
 1   9       1   9       1           9   9           1       9   1       9   1
  1   1 9 + 9   9 1   9   9 1 1 9     1 1     9 1 1 9   9   1 9   9 + 9 1   1
   9   1   9   1       1       9   1       1   9       1       1   9   1   9  
  1   9 1 1     9   1     9 1   9     1 1     9   1 9     1   9     1 1 9   1
 1 4 1       1   9   9   1       1           1       1   9   9   1       1 4 1
  9   9   1 9   9 1 1 9     1   9   9     9   9   1     9 1 1 9   9 1   9   9
       9                       9   1       1   9                       9      
  9   9 1 1 9         9   9 1 1 9   9     9   9 1 1 9   9         9 1 1 9   9


 Q(V13)  chi o+-++----++-+o

            1     3     7     3     1     1     3     7     3     1          
       7   7       3               9       9               3       7   7      
            7     9     3     9     7     7     9     3     9     7          
         7           1           3           3           1           7        
  9     1 1     9   1 9     1   9             9   1     9 1   9     1 1     9
   3                       1                       1                       3  
      7     7     9                 7     7                 9     7     7    
 7   9           7       9   3       7   7       3   9       7           9   7
      1     1     3     7     3                 3     7     3     1     1    
   +           1                                               1           +  
  9 3   3 3   7 1   3 1     3   1 7   3 3   7 1   3     1 3   1 7   3 3   3 9
         7           7           9           9           7           7        
      3     3 3   9     3     9     7     7     9     3     9   3 3     3    
       9   9     4 7   3       1   3       3   1       3   7 4     9   9      
      1     1     9     5     1     9     9     1     5     9     1     1    
         3           9   3       3           3       3   9           3        
  3 7   1 1   7 3   1 3   3 +   7 3   9 9   3 7   + 3   3 1   3 7   1 1   7 3
   1           1           3   3 4     3     4 3   3           1           1  
      9     9     7     3     7   3 + 3 3 + 3   7     3     7     9     9    
 1               1       9   5     4 +   + 4     5   9       1               1
      9     9     7     3     7   3 + 3 3 + 3   7     3     7     9     9    
   1           1           3   3 4     3     4 3   3           1           1  
  3 7   1 1   7 3   1 3   3 +   7 3   9 9   3 7   + 3   3 1   3 7   1 1   7 3
         3           9   3       3           3       3   9           3        
      1     1     9     5     1     9     9     1     5     9     1     1    
       9   9     4 7   3       1   3       3   1       3   7 4     9   9      
      3     3 3   9     3     9     7     7     9     3     9   3 3     3    
         7           7           9           9           7           7        
  9 3   3 3   7 1   3 1     3   1 7   3 3   7 1   3     1 3   1 7   3 3   3 9
   +           1                                               1           +  
      1     1     3     7     3                 3     7     3     1     1    
 7   9           7       9   3       7   7       3   9       7           9   7
      7     7     9                 7     7                 9     7     7    
   3                       1                       1                       3  
  9     1 1     9   1 9     1   9             9   1     9 1   9     1 1     9
         7           1           3           3           1           7        
            7     9     3     9     7     7     9     3     9     7          
       7   7       3               9       9               3       7   7      
            1     3     7     3     1     1     3     7     3     1          


 Q(V17)  chi o++-+---++---+-++o

                                                                             
           1       7           1   3       3   1           7       1          
                                                                             
 7       3   9   7       9   3       7   7       3   9       7   9   3       7
                                                                             
   9   7           3   9   7       9       9       7   9   3           7   9  
                                                                             
 1           3   1       3   7                   7   3       1   3           1
                                                                             
   1       9   1           9   9   1       1   9   9           1   9       1  
  2                                                                         2
 9   7   7   3   1   1   3       3   1   1   3       3   1   1   3   7   7   9
          2                                                         2        
       3   3   9   3   9       7   9       9   7       9   3   9   3   3      
                                                                             
 3       7   1   3   3   9   3   9   7   7   9   3   9   3   3   1   7       3
                                                                             
   7   9   9   7   3   7   9   +   3   7   3   +   9   7   3   7   9   9   7  
                                  2 2     2 2                                
                 1       9   5   9   +   +   9   5   9       1                
                                  2 2     2 2                                
   7   9   9   7   3   7   9   +   3   7   3   +   9   7   3   7   9   9   7  
                                                                             
 3       7   1   3   3   9   3   9   7   7   9   3   9   3   3   1   7       3
                                                                             
       3   3   9   3   9       7   9       9   7       9   3   9   3   3      
          2                                                         2        
 9   7   7   3   1   1   3       3   1   1   3       3   1   1   3   7   7   9
  2                                                                         2
   1       9   1           9   9   1       1   9   9           1   9       1  
                                                                             
 1           3   1       3   7                   7   3       1   3           1
                                                                             
   9   7           3   9   7       9       9       7   9   3           7   9  
                                                                             
 7       3   9   7       9   3       7   7       3   9       7   9   3       7
                                                                             
           1       7           1   3       3   1           7       1          
                                                                             
